x,y,demand,open,close,servicetime,drone_serve,time,profit,type
100.0,100.0,0.0,0.0,3693.0,0.0,1,0.0,12.567737844394607,0.0
81.6058109866977,141.02453775193078,9.867539567641227,36.0,196.0,90.0,1,0.18,2.374489872518445,1.0
129.2096814151438,167.59926031487325,28.722903463340227,72.0,232.0,90.0,0,0.37,13.07819052910838,1.0
82.0,100.0,10.0,18.0,178.0,90.0,1,2.99,2.9844267388971653,0.0
144.910798836168,105.09712113922893,18.005829369854016,173.0,333.0,90.0,1,3.1,8.211411566155768,1.0
13.846541197795993,182.1741991682107,12.789934823393603,57.0,217.0,90.0,1,3.57,2.3426893853039137,1.0
55.0,97.0,20.0,45.0,205.0,90.0,0,4.2,5.559641838131723,0.0
139.0,102.0,10.0,39.0,199.0,90.0,1,4.53,15.698426261210747,0.0
83.0,108.0,10.0,36.0,196.0,90.0,1,6.24,4.733501812220073,0.0
103.0,91.0,20.0,9.0,169.0,90.0,0,6.26,9.807923563374306,0.0
113.62974667775308,49.877865348054215,33.003569793904134,58.0,218.0,90.0,1,11.55,3.4534277823681228,1.0
107.0,73.0,30.0,27.0,187.0,90.0,0,12.04,1.9806159922643678,0.0
57.0,73.0,30.0,50.0,210.0,90.0,0,14.61,3.166945350265209,0.0
35.373193554620194,44.89430868026572,12.56547889271908,71.0,231.0,90.0,1,15.4,9.82181607752533,1.0
98.397902387896,183.54173819938455,31.772673013501993,44.0,204.0,90.0,0,15.65,6.699844616445215,1.0
106.0,83.0,20.0,28.0,188.0,90.0,0,16.3,2.5329760297875357,0.0
169.5254246297461,181.76200518606862,26.542091461423738,29.0,189.0,90.0,1,17.23,20.843472197806037,1.0
9.45639189938207,45.2914472072243,24.060070138015355,113.0,273.0,90.0,0,18.08,14.885372035236465,1.0
85.0,134.0,20.0,48.0,208.0,90.0,0,19.41,2.0446149343345366,0.0
116.10691096140475,125.30632735269377,0.6354796217405134,146.0,306.0,90.0,0,25.38,8.434995572181968,1.0
83.0,147.0,20.0,151.0,311.0,90.0,0,29.96,2.325654088091911,0.0
53.0,168.0,20.0,82.0,242.0,90.0,0,37.22,6.925042268442172,0.0
130.0,47.0,10.0,60.0,220.0,90.0,1,39.13,2.442347311687996,0.0
85.58155419856709,151.4609017270844,38.076231610650034,62.0,222.0,90.0,0,44.31,6.316896082515365,1.0
17.912111007375902,22.973546224006977,15.976315391203224,51.0,211.0,90.0,1,46.42,1.8002624291482479,1.0
155.6877235074668,78.83610134167317,33.29605369208115,131.0,291.0,90.0,0,54.95,8.795693609282557,1.0
90.0,74.0,10.0,145.0,305.0,90.0,1,57.16,4.940110744696779,0.0
185.72830441440837,20.703354491856985,19.710856477829513,69.0,229.0,90.0,0,58.58,6.658000240458776,1.0
31.0,63.0,30.0,89.0,249.0,90.0,0,61.73,6.804242251539155,0.0
153.95607216612197,69.62521571196983,13.40107564045391,93.0,253.0,90.0,0,70.2,7.630326429638822,1.0
155.0,108.0,20.0,162.0,322.0,90.0,0,82.36,15.216103815622613,0.0
50.53392356758036,37.57199761625223,28.295601345047086,264.0,424.0,90.0,0,88.67,4.983076791150085,1.0
51.0,190.0,30.0,207.0,367.0,90.0,0,107.14,2.35282847748262,0.0
59.423767375202026,83.08364423477389,17.0086950166537,188.0,348.0,90.0,0,108.92,5.003341343760905,1.0
137.55391580812176,121.55426216313109,38.424663032987766,120.0,280.0,90.0,0,113.39,9.384873492354734,1.0
117.95497195775268,111.30093221947541,2.3488388138118177,287.0,447.0,90.0,1,127.71,3.991660302488597,1.0
38.0,94.0,10.0,168.0,328.0,90.0,1,130.25,2.716271201209282,0.0
154.0,44.0,30.0,293.0,453.0,90.0,0,139.97,8.362744489012986,0.0
65.0,164.0,20.0,175.0,335.0,90.0,0,171.35,5.056933593046693,0.0
66.63665071188805,183.30761465593184,5.023062227256605,241.0,401.0,90.0,0,173.24,2.1044240348149774,1.0
47.27368982997994,99.27057291033911,9.766569646489494,188.0,348.0,90.0,1,178.0,1.8873431503017493,1.0
65.48193267513338,98.05775814500988,10.205493864942792,243.0,403.0,90.0,0,187.66,4.477340742132249,1.0
79.0,31.0,10.0,265.0,425.0,90.0,1,189.17,2.6201334564490475,0.0
158.0,122.0,30.0,267.0,427.0,90.0,0,197.01,4.578913957236573,0.0
143.71636398204566,41.48740083408611,32.07293092168735,349.0,509.0,90.0,0,204.55,3.040322863430991,1.0
153.26465176031314,55.20785031229513,16.321034715024712,229.0,389.0,90.0,1,205.0,6.654682019209134,1.0
66.23317358483108,4.183451452882348,33.74039000553768,311.0,471.0,90.0,1,215.27,16.12766612548646,1.0
111.27598630967812,184.21251511125027,34.871683686266636,219.0,379.0,90.0,1,218.53,13.255700946958758,1.0
155.0,38.0,10.0,389.0,549.0,90.0,1,221.62,8.214313904394393,0.0
81.0,80.0,10.0,339.0,499.0,90.0,1,239.47,4.381253719421867,0.0
100.0,47.0,20.0,244.0,404.0,90.0,0,240.08,1.5264024509906546,0.0
60.0,171.0,20.0,370.0,530.0,90.0,0,242.26,4.292891750921752,0.0
69.0,167.0,20.0,270.0,430.0,90.0,0,253.56,6.17689572470578,0.0
11.404958106357551,197.20128493344615,36.13603508203859,360.0,520.0,90.0,1,253.83,2.4766060494624855,1.0
68.67640595932744,22.61805965288016,35.97130900150596,321.0,481.0,90.0,0,259.62,4.549000580101796,1.0
160.0,136.0,20.0,371.0,531.0,90.0,0,269.02,0.8589974455736966,0.0
32.0,191.0,10.0,316.0,476.0,90.0,1,271.37,3.5036126409821557,0.0
28.0,96.0,20.0,359.0,519.0,90.0,0,293.55,4.054682147245466,0.0
101.0,62.0,40.0,505.0,665.0,90.0,0,334.08,1.176738669077634,0.0
102.20916969131531,88.49113954669936,24.09801394957362,344.0,504.0,90.0,0,338.47,3.404348441114886,1.0
102.0,62.0,30.0,414.0,574.0,90.0,0,342.19,1.1197713380598247,0.0
74.0,102.0,10.0,509.0,669.0,90.0,1,343.85,3.631676682181732,0.0
175.34036696279458,4.2871745017458345,0.39001575355260165,501.0,661.0,90.0,1,347.01,8.514714086834953,1.0
12.163104371700584,184.37811241078143,27.699300753776747,457.0,617.0,90.0,0,354.07,1.3272353979170997,1.0
147.2731175868308,24.527965561130788,19.077223243228772,447.0,607.0,90.0,1,355.18,3.5749970188969717,1.0
40.0,34.0,10.0,391.0,551.0,90.0,1,364.09,12.855688650580639,0.0
160.0,137.0,10.0,462.0,622.0,90.0,1,377.69,0.9991185900834132,0.0
114.49149584853802,90.30853244034292,25.593604941680546,444.0,604.0,90.0,1,392.88,4.87449811302299,1.0
59.369844663250426,132.69351869774283,35.034145784296925,413.0,573.0,90.0,1,395.89,8.854534424165683,1.0
55.0,160.0,10.0,572.0,732.0,90.0,1,396.35,6.621919187106565,0.0
40.0,101.0,10.0,553.0,713.0,90.0,1,397.32,2.758532553142391,0.0
140.9710309945263,71.53455785454553,5.967928921439172,557.0,717.0,90.0,0,402.84,2.447646488068851,1.0
36.0,96.0,10.0,457.0,617.0,90.0,1,403.64,3.648944835156401,0.0
69.0,40.0,10.0,460.0,620.0,90.0,1,406.94,12.867315052109108,0.0
73.0,106.0,10.0,415.0,575.0,90.0,1,414.77,4.820466305199396,0.0
27.591069013403,81.05590260040383,15.027191547006705,604.0,764.0,90.0,1,431.43,7.997522922678513,1.0
130.08846767130552,60.41234699548227,17.08063737388509,511.0,671.0,90.0,0,434.19,6.108031341579083,1.0
162.0,44.0,20.0,488.0,648.0,90.0,0,442.6,7.3333482169401005,0.0
48.0,166.0,30.0,473.0,633.0,90.0,0,444.78,3.8960089948050447,0.0
162.0,37.0,40.0,585.0,745.0,90.0,0,471.47,9.078687524992695,0.0
4.992383482585344,86.98464628637404,33.016126808985995,600.0,760.0,90.0,0,476.09,8.911467110282686,1.0
99.0,61.0,20.0,597.0,757.0,90.0,0,491.46,2.1557355571468757,0.0
45.72733123691403,57.63095479314595,10.711608915947481,541.0,701.0,90.0,0,508.51,7.14654866738934,1.0
111.0,24.0,10.0,635.0,795.0,90.0,1,508.61,2.603820503022795,0.0
52.42488785635706,81.95407471319452,10.198784135861807,649.0,809.0,90.0,0,517.83,8.588570264304913,1.0
66.0,78.0,30.0,537.0,697.0,90.0,0,519.98,1.6145581350603768,0.0
17.56023654516527,114.42861454436644,2.61591178224851,671.0,831.0,90.0,0,525.07,6.9868315098998455,1.0
52.43901595013881,52.42457128622565,15.104529602552628,629.0,789.0,90.0,1,536.24,0.8593713347212133,1.0
146.5387416251523,7.135502030637949,12.620197470581612,560.0,720.0,90.0,0,539.77,21.815274190483414,1.0
4.604434221122008,114.24876468482516,9.400296126837588,554.0,714.0,90.0,0,550.35,14.626125352453283,1.0
89.94842131175118,10.778417109025813,6.168245771298326,675.0,835.0,90.0,0,567.11,3.427662564624237,1.0
98.02024602592653,120.17493332970578,20.209021925291722,692.0,852.0,90.0,1,567.44,3.146921087669064,1.0
42.0,100.0,30.0,645.0,805.0,90.0,0,574.63,1.113120820140595,0.0
144.74198340357796,26.44160211578419,35.00451744315737,724.0,884.0,90.0,0,579.79,3.9879708720863536,1.0
43.0,98.0,30.0,738.0,898.0,90.0,0,588.48,2.8540193375355605,0.0
61.0,101.0,10.0,612.0,772.0,90.0,1,606.86,4.609787495543897,0.0
174.6404441364208,141.78118152425,3.7621998333495377,660.0,820.0,90.0,1,612.43,11.541312749187135,1.0
140.8914978086789,99.98246171262132,5.118461366450506,682.0,842.0,90.0,1,624.55,3.824128814998855,1.0
21.0,56.0,40.0,692.0,852.0,90.0,0,634.72,3.0318869742831707,0.0
132.1949457742976,184.84783602244383,13.964797234474243,741.0,901.0,90.0,1,641.29,12.795503120660515,1.0
34.0,182.0,20.0,697.0,857.0,90.0,0,643.18,3.9554774773304358,0.0
133.1763066174724,49.67847974485261,3.362800174605365,769.0,929.0,90.0,0,658.37,5.004575445111364,1.0
36.0,177.0,30.0,793.0,953.0,90.0,0,664.87,5.572552094716968,0.0
75.0,61.0,20.0,739.0,899.0,90.0,0,666.34,8.286360368056062,0.0
23.52053801710627,145.91357102076648,9.43477518273394,784.0,944.0,90.0,1,667.16,2.642389647530328,1.0
155.20429755835025,178.63739331976987,29.911662515599268,761.0,921.0,90.0,1,671.44,16.165593257713397,1.0
16.50299122696629,184.95570816847862,9.511121647867903,741.0,901.0,90.0,0,680.64,4.623058787119821,1.0
73.0,20.0,10.0,864.0,1024.0,90.0,1,691.02,2.238788340219412,0.0
28.245081551057652,66.51488892097001,19.525765464393025,866.0,1026.0,90.0,0,691.22,5.089009082524987,1.0
91.5576749667915,64.06993623001684,5.133620619759034,768.0,928.0,90.0,1,692.95,3.444807267611119,1.0
150.0,135.0,20.0,837.0,997.0,90.0,0,712.85,4.463137094799837,0.0
184.4398180458194,25.294391110800863,26.130379731252617,839.0,999.0,90.0,0,715.9,3.195980629580525,1.0
142.94973638220557,158.04235713104296,28.337313531357665,891.0,1051.0,90.0,0,716.87,3.138267943966235,1.0
20.354114159921963,151.70297570418134,18.862846999404525,844.0,1004.0,90.0,0,729.51,4.840044122676492,1.0
125.0,16.0,10.0,841.0,1001.0,90.0,1,737.51,13.911027039135515,0.0
13.688668908365791,99.78422881142859,16.61138829322467,932.0,1092.0,90.0,0,756.25,6.863486931918054,1.0
168.0,43.0,10.0,779.0,939.0,90.0,1,758.46,8.020462440594718,0.0
102.0,146.0,10.0,853.0,1013.0,90.0,1,760.48,3.2164869238826057,0.0
46.0,99.0,10.0,831.0,991.0,90.0,1,762.05,2.8572784840090195,0.0
15.0,57.0,10.0,788.0,948.0,90.0,1,766.68,5.006289404231616,0.0
62.0,120.0,30.0,952.0,1112.0,90.0,0,790.6,8.6928327661875,0.0
116.89233824391982,107.30552700265933,0.810015481859323,875.0,1035.0,90.0,0,792.21,5.690585841203018,1.0
18.681789867252043,82.6134085381596,34.60495256133477,966.0,1126.0,90.0,1,802.91,5.750397315057831,1.0
119.0,62.0,10.0,980.0,1140.0,90.0,1,814.47,4.299402628616128,0.0
103.0,148.0,20.0,946.0,1106.0,90.0,0,829.92,2.871172176375456,0.0
118.0,59.0,10.0,886.0,1046.0,90.0,1,855.21,2.327464166785806,0.0
39.11585335321802,178.26783459736455,33.24787050953133,970.0,1130.0,90.0,1,860.74,2.8336179711356473,1.0
48.0,103.0,10.0,925.0,1085.0,90.0,1,864.9,5.200424422420457,0.0
140.12574193572863,95.4565641530158,6.005480818471667,938.0,1098.0,90.0,0,875.02,1.6674675610987417,1.0
25.0,182.0,10.0,895.0,1055.0,90.0,1,881.4,6.811910691564028,0.0
115.76723287619987,86.55683750644245,22.255558892135937,945.0,1105.0,90.0,0,892.83,4.164011787048082,1.0
33.82472826160358,61.22612431451479,17.92077928418759,957.0,1117.0,90.0,0,897.72,3.400903789253637,1.0
44.378178813186764,197.21208724826062,33.44324721187053,1065.0,1225.0,90.0,0,921.85,5.099843444731599,1.0
55.0,195.0,20.0,1064.0,1224.0,90.0,0,922.61,3.3095036902509984,0.0
60.97313109963291,121.9481059423911,13.647263908686785,1075.0,1235.0,90.0,0,925.89,1.7363412669453338,1.0
143.84594141337624,30.81791426685425,5.835974951404421,1050.0,1210.0,90.0,0,928.37,1.2024285861136148,1.0
5.0,58.0,20.0,983.0,1143.0,90.0,0,949.67,1.5414253523249375,0.0
43.0,101.0,30.0,1021.0,1181.0,90.0,0,952.14,1.929611928743157,0.0
15.0,181.0,20.0,1086.0,1246.0,90.0,0,964.96,5.128495721108038,0.0
143.0,30.0,30.0,1045.0,1205.0,90.0,0,965.34,7.048211884988457,0.0
70.56933368793536,150.20321428928528,24.414905200712745,1128.0,1288.0,90.0,0,967.01,11.739195038037458,1.0
89.0,68.0,10.0,1030.0,1190.0,90.0,1,969.15,1.8990301701174175,0.0
56.0,192.0,20.0,1157.0,1317.0,90.0,0,982.71,2.613264435077853,0.0
19.0,179.0,30.0,992.0,1152.0,90.0,0,990.84,3.195510744110558,0.0
129.8598915785298,194.37777703291312,1.176197753834387,1115.0,1275.0,90.0,0,998.85,13.204866374100371,1.0
99.0,152.0,40.0,1144.0,1304.0,90.0,0,1002.08,1.7602492770042204,0.0
7.0,63.0,10.0,1169.0,1329.0,90.0,1,1019.55,4.3844991199321415,0.0
144.0,38.0,30.0,1143.0,1303.0,90.0,0,1020.83,7.816454294412327,0.0
143.0,140.0,10.0,1027.0,1187.0,90.0,1,1021.43,1.6849953326184126,0.0
136.65863404904613,160.0206985360272,7.604593749569619,1074.0,1234.0,90.0,1,1027.18,0.6645899324860518,1.0
72.0,118.0,20.0,1052.0,1212.0,90.0,0,1033.48,1.080566681203426,0.0
105.18921635103648,166.38137383429824,8.565342655580249,1043.0,1203.0,90.0,0,1041.57,3.4536266226910053,1.0
72.0,119.0,20.0,1143.0,1303.0,90.0,0,1052.07,1.1525211698999878,0.0
177.0,55.0,10.0,1159.0,1319.0,90.0,1,1052.69,1.937169478286787,0.0
146.0,142.0,10.0,1213.0,1373.0,90.0,1,1064.74,2.22879927210733,0.0
69.0,121.0,20.0,1237.0,1397.0,90.0,0,1076.24,3.4501365799826758,0.0
144.53912049307425,124.06747878835213,36.98089842419929,1236.0,1396.0,90.0,0,1085.32,2.0180901189427862,1.0
27.946221608720386,71.75874925435932,16.199786707778237,1118.0,1278.0,90.0,0,1109.78,5.268359610248952,1.0
33.0,103.0,10.0,1306.0,1466.0,90.0,1,1127.6,4.193071159870051,0.0
106.38017413120959,115.96556640900666,10.375677984186819,1188.0,1348.0,90.0,0,1129.31,2.1947897140441204,1.0
175.53105989949026,60.82036372541575,2.287852037308742,1239.0,1399.0,90.0,0,1137.93,3.2678885113352703,1.0
120.0,70.0,10.0,1168.0,1328.0,90.0,1,1140.08,4.827225816246072,0.0
63.37973030750496,61.82763673455609,2.0406671982154023,1262.0,1422.0,90.0,0,1141.89,5.450263527156924,1.0
23.379167466120165,39.60021446913061,18.197147391213655,1147.0,1307.0,90.0,0,1146.77,7.696264970495738,1.0
61.51132857641186,189.0172682728871,22.52880504930988,1234.0,1394.0,90.0,0,1157.08,8.763463391626608,1.0
125.0,72.0,20.0,1263.0,1423.0,90.0,0,1160.89,7.042075043534986,0.0
63.31607672492954,38.00126158928358,8.541905234383309,1256.0,1416.0,90.0,1,1164.86,5.6287627658621275,1.0
36.0,107.0,20.0,1211.0,1371.0,90.0,0,1181.83,5.132463028988548,0.0
65.0,182.0,20.0,1354.0,1514.0,90.0,0,1188.7,4.600850603615832,0.0
172.45012805234657,9.948668584014206,11.24490114683265,1370.0,1530.0,90.0,0,1198.05,8.83384807159059,1.0
15.0,69.0,20.0,1362.0,1522.0,90.0,0,1207.29,11.533925215470283,0.0
178.0,54.0,20.0,1250.0,1410.0,90.0,0,1213.11,1.02142061739524,0.0
180.2796527265856,159.88764315799315,37.274725851260214,1349.0,1509.0,90.0,0,1214.36,5.66178650307119,1.0
65.0,135.0,20.0,1341.0,1501.0,90.0,0,1214.64,3.89747778866661,0.0
122.38906424549322,124.85910540107547,8.499467089453919,1399.0,1559.0,90.0,1,1219.98,4.7260754779492915,1.0
14.0,199.0,30.0,1387.0,1547.0,90.0,0,1220.96,15.87121406959454,0.0
104.91846289507973,62.960386667574205,20.420097663826382,1258.0,1418.0,90.0,0,1226.42,2.5065961683335427,1.0
68.75621013039364,43.57095021920956,34.850952493190675,1344.0,1504.0,90.0,0,1243.89,2.809894543211191,1.0
112.30162434114419,131.7637148812244,24.086285457319132,1305.0,1465.0,90.0,1,1245.59,6.066451131715143,1.0
101.0,158.0,20.0,1332.0,1492.0,90.0,0,1253.49,2.299740946510945,0.0
79.0,13.0,20.0,1432.0,1592.0,90.0,0,1262.24,3.6722672350944596,0.0
27.0,187.0,30.0,1280.0,1440.0,90.0,0,1265.43,2.9008581989027586,0.0
61.0,174.0,10.0,1453.0,1613.0,90.0,1,1291.72,3.4310977969694423,0.0
67.0,60.0,10.0,1452.0,1612.0,90.0,1,1295.09,6.21587990289579,0.0
23.153653311657035,147.85549358182246,24.764746122818305,1404.0,1564.0,90.0,1,1297.34,2.236227067635517,1.0
120.0,76.0,30.0,1360.0,1520.0,90.0,0,1300.99,5.525819032028528,0.0
159.01105745525166,127.04499544962489,21.376689753037187,1425.0,1585.0,90.0,0,1312.45,6.321410428213797,1.0
3.6294266887504887,101.16581359146736,22.01146331168975,1332.0,1492.0,90.0,0,1325.28,1.2315402949279661,1.0
186.0,50.0,20.0,1450.0,1610.0,90.0,0,1338.14,8.024014892078583,0.0
64.0,140.0,20.0,1436.0,1596.0,90.0,0,1340.35,4.828708893206544,0.0
16.0,77.0,20.0,1460.0,1620.0,90.0,0,1354.03,0.7607443710132875,0.0
128.0,80.0,10.0,1458.0,1618.0,90.0,1,1364.31,8.674493581958451,0.0
140.0,70.0,30.0,1564.0,1724.0,90.0,0,1385.32,4.50692802951804,0.0
30.806605799295546,11.545689834246256,26.066668052961624,1527.0,1687.0,90.0,1,1406.11,12.663188479438034,1.0
136.0,57.0,30.0,1468.0,1628.0,90.0,0,1414.85,4.353043319462477,0.0
184.0,55.0,10.0,1545.0,1705.0,90.0,1,1427.28,6.563799560000421,0.0
76.15108397478853,133.8061890517193,15.854718111004527,1542.0,1702.0,90.0,0,1449.64,4.431916020146277,1.0
39.39379490024495,96.96252445711552,22.79258796580003,1517.0,1677.0,90.0,0,1463.54,2.9110436192061555,1.0
115.63645057332646,98.20151119357972,1.955618102498784,1591.0,1751.0,90.0,0,1464.25,8.523366905897555,1.0
183.8833304863826,81.44928965478137,31.20023561523592,1495.0,1655.0,90.0,0,1464.8,2.472256417082848,1.0
149.0,149.0,20.0,1492.0,1652.0,90.0,0,1473.77,2.243712308371539,0.0
12.0,186.0,10.0,1491.0,1651.0,90.0,1,1477.05,6.2815929724038,0.0
170.22753853304695,116.75935213615807,27.695748770919764,1591.0,1751.0,90.0,0,1482.09,13.281215813874107,1.0
84.0,10.0,40.0,1620.0,1780.0,90.0,0,1494.33,3.2614697041399356,0.0
168.09020698211245,30.52867929685052,29.961562663254643,1547.0,1707.0,90.0,1,1500.45,0.27196311328420986,1.0
42.0,75.0,20.0,1572.0,1732.0,90.0,0,1512.55,7.045976209487362,0.0
23.70182623825475,73.80657615576624,21.65362814398354,1593.0,1753.0,90.0,1,1513.61,5.451280973332564,1.0
135.0,54.0,30.0,1561.0,1721.0,90.0,0,1529.78,3.6528811013388998,0.0
104.58457329847667,107.50218882470202,21.135370647863635,1655.0,1815.0,90.0,0,1538.06,7.1289979623498585,1.0
185.75126394511608,83.2645896105839,4.596647168198715,1689.0,1849.0,90.0,0,1541.86,2.2969113413784124,1.0
7.0,176.0,10.0,1689.0,1849.0,90.0,1,1542.25,6.506278662713097,0.0
98.33365417465289,28.937430786308905,14.791806681903976,1637.0,1797.0,90.0,0,1554.96,7.411904625953898,1.0
62.27374042388106,107.6879681232486,4.798912023525728,1564.0,1724.0,90.0,1,1558.93,4.783015703984142,1.0
31.89452629049092,33.45016707619418,17.525209741867812,1617.0,1777.0,90.0,1,1581.37,5.354174976395572,1.0
121.34249898468182,54.86376833222823,5.283816610612346,1715.0,1875.0,90.0,1,1584.6,3.6405387037286605,1.0
95.7163632237423,140.67655528185392,23.25214776698212,1641.0,1801.0,90.0,0,1598.39,3.2960986689152323,1.0
97.0,163.0,20.0,1712.0,1872.0,90.0,0,1604.71,3.8553169773726275,0.0
126.0,59.0,20.0,1779.0,1939.0,90.0,0,1615.46,5.167127940134581,0.0
20.0,96.0,20.0,1787.0,1947.0,90.0,0,1618.47,3.6900049414311837,0.0
21.984242558554037,69.2462535558835,13.023808829015312,1657.0,1817.0,90.0,0,1620.07,7.226966284780321,1.0
140.0,51.0,10.0,1673.0,1833.0,90.0,1,1632.84,7.782511669172725,0.0
75.42885983247392,51.205051157611486,6.690403010476786,1675.0,1835.0,90.0,0,1644.53,11.275423639898532,1.0
182.0,68.0,10.0,1648.0,1808.0,90.0,1,1646.07,3.0694280252078006,0.0
88.0,137.0,10.0,1733.0,1893.0,90.0,1,1659.15,5.897254219219113,0.0
120.82933105180221,88.56744298380967,31.672953383750844,1742.0,1902.0,90.0,0,1659.78,4.757548861186542,1.0
68.0,176.0,10.0,1825.0,1985.0,90.0,1,1663.5,1.7805927884783275,0.0
69.0,173.0,40.0,1732.0,1892.0,90.0,0,1664.69,1.1128500260004024,0.0
86.0705458465577,190.97294726394176,35.78571418177356,1791.0,1951.0,90.0,0,1670.73,16.06526965185957,1.0
141.21282980544424,93.60689664406796,39.74463671812215,1852.0,2012.0,90.0,0,1680.31,2.75985120118616,1.0
130.0,42.0,30.0,1846.0,2006.0,90.0,0,1681.91,6.777083382648668,0.0
101.82430523509194,140.46560596982636,38.75414917543723,1693.0,1853.0,90.0,0,1686.43,7.004705208466717,1.0
174.10763279995544,58.62159430453103,18.233044456049644,1827.0,1987.0,90.0,0,1694.55,3.0110828509645686,1.0
134.0,46.0,20.0,1751.0,1911.0,90.0,0,1701.72,4.791189209578791,0.0
20.0,92.0,20.0,1881.0,2041.0,90.0,0,1705.01,1.1870459802312332,0.0
59.0,98.0,10.0,1802.0,1962.0,90.0,1,1731.72,3.747218865548141,0.0
67.0,102.0,40.0,1901.0,2061.0,90.0,0,1734.8,5.09627086371109,0.0
20.660657325106623,51.88090094986392,4.07687199702385,1760.0,1920.0,90.0,0,1741.05,3.1953356758485887,1.0
121.0,52.0,40.0,1878.0,2038.0,90.0,0,1752.14,2.937887028344548,0.0
81.0,136.0,20.0,1920.0,2080.0,90.0,0,1755.47,4.215146323387695,0.0
17.0,166.0,10.0,1884.0,2044.0,90.0,1,1762.89,5.726344310441663,0.0
31.29136908124658,158.69753761091812,21.989491224313422,1786.0,1946.0,90.0,0,1775.72,7.095941836838352,1.0
69.0,178.0,20.0,1917.0,2077.0,90.0,0,1779.42,1.9737365416450183,0.0
27.29079064043389,118.72334565933392,38.64046752838008,1806.0,1966.0,90.0,1,1786.77,6.934604381877877,1.0
95.1123863737428,60.436917395337034,12.802322774461775,1836.0,1996.0,90.0,0,1801.77,5.286182183246026,1.0
93.0,11.0,20.0,1809.0,1969.0,90.0,0,1804.22,4.703728862537938,0.0
93.0,1.0,20.0,1909.0,2069.0,90.0,0,1817.22,14.810491898418604,0.0
165.0,151.0,20.0,1894.0,2054.0,90.0,0,1821.67,6.029914228314373,0.0
69.0,99.0,10.0,1995.0,2155.0,90.0,1,1826.79,2.549868336912642,0.0
74.47919408819244,63.78232072468035,5.218249694984065,1972.0,2132.0,90.0,0,1827.74,1.7129004619424313,1.0
79.0,132.0,20.0,2014.0,2174.0,90.0,0,1834.4,4.943755808414287,0.0
109.0,169.0,10.0,1906.0,2066.0,90.0,1,1852.68,7.51483907100153,0.0
20.0,79.0,30.0,1943.0,2103.0,90.0,0,1859.67,1.0278057276803834,0.0
118.0,50.0,10.0,1971.0,2131.0,90.0,1,1863.9,2.5731081251948464,0.0
113.96047202889541,143.2959206430578,19.831300759400396,2018.0,2178.0,90.0,0,1881.31,8.60419957482394,1.0
179.0,78.0,20.0,1935.0,2095.0,90.0,0,1889.09,6.483794458089589,0.0
14.0,81.0,30.0,2039.0,2199.0,90.0,0,1889.72,2.9995066099262075,0.0
125.75636455501127,156.29958202738305,5.694247034630204,2035.0,2195.0,90.0,0,1900.8,5.622174336776214,1.0
14.0,163.0,30.0,1978.0,2138.0,90.0,0,1901.89,5.485520453312372,0.0
27.054997207810917,33.19268345569117,29.84741419159043,2109.0,2269.0,90.0,1,1931.88,5.215996402304838,1.0
126.0,39.0,10.0,1941.0,2101.0,90.0,1,1932.81,5.830469141661165,0.0
70.0,185.0,20.0,2015.0,2175.0,90.0,0,1940.15,5.378208031358104,0.0
99.09575409512821,127.62649773906105,26.664700675705447,2003.0,2163.0,90.0,0,1968.07,7.206665253084978,1.0
130.89101935331067,119.2606222764777,0.5573447335514681,2138.0,2298.0,90.0,0,1970.64,7.04394273167857,1.0
107.49168305193834,143.34201497411794,3.783806579129063,2133.0,2293.0,90.0,1,1977.01,8.480405015747422,1.0
159.94484990392286,41.54541973260498,33.294509328184276,2088.0,2248.0,90.0,1,1984.68,2.3969079571083114,1.0
154.48331417515683,197.63508638206545,9.611118212795379,1990.0,2150.0,90.0,0,1988.54,4.31787674992457,1.0
119.0,169.0,20.0,2097.0,2257.0,90.0,0,1991.15,5.149160119691974,0.0
91.4299716413729,40.201797578290446,19.883736360286512,2085.0,2245.0,90.0,1,1995.6,1.7089552465891371,1.0
66.19196335798046,173.419000947215,6.243790127766746,2038.0,2198.0,90.0,0,1996.55,2.7666978830225744,1.0
81.90816600844789,138.55553359691655,29.339360016772336,2068.0,2228.0,90.0,1,2006.07,2.8084638983776724,1.0
182.34171221040648,109.63761607035407,30.05307481806257,2122.0,2282.0,90.0,0,2024.21,16.200153581005033,1.0
155.87293198519825,47.693896519818324,23.967633581284336,2068.0,2228.0,90.0,1,2045.97,4.238816133543051,1.0
170.0,156.0,10.0,2085.0,2245.0,90.0,1,2076.55,5.571298772153258,0.0
152.58367181811985,114.46217657935992,13.296686082103385,2111.0,2271.0,90.0,0,2076.89,5.4388294675165785,1.0
113.45148004579235,77.48569095782804,22.192901870080348,2218.0,2378.0,90.0,0,2091.36,8.316345430765463,1.0
86.11147970704164,160.80936172038847,5.830343571849896,2206.0,2366.0,90.0,0,2112.29,6.1242365518476,1.0
182.60095756485856,10.485304482871232,37.19890579310584,2195.0,2355.0,90.0,0,2112.41,12.24953969368482,1.0
102.0,56.0,30.0,2259.0,2419.0,90.0,0,2122.86,1.2424855731409488,0.0
170.0,64.0,20.0,2144.0,2304.0,90.0,0,2125.41,1.6580015374155042,0.0
11.0,83.0,10.0,2165.0,2325.0,90.0,1,2130.96,5.27322742326304,0.0
5.001752741319599,93.70645346824666,33.53352651423392,2237.0,2397.0,90.0,1,2135.62,7.317910105016091,1.0
19.0,156.0,10.0,2185.0,2345.0,90.0,1,2137.07,8.407125024657532,0.0
34.26289035744046,197.54174565923114,7.813421472705242,2315.0,2475.0,90.0,1,2144.71,8.558856136174507,1.0
105.0,55.0,20.0,2165.0,2325.0,90.0,0,2158.06,3.1622540279667843,0.0
24.0,164.0,30.0,2285.0,2445.0,90.0,0,2162.49,4.670879900412286,0.0
171.0,63.0,20.0,2235.0,2395.0,90.0,0,2169.66,1.5273437233845146,0.0
190.0,122.0,10.0,2215.0,2375.0,90.0,1,2178.56,8.049185339669675,0.0
119.8612288408847,156.14744309611623,25.505617491893883,2331.0,2491.0,90.0,0,2179.64,3.8914243686270646,1.0
67.0,89.0,30.0,2186.0,2346.0,90.0,0,2183.04,3.537792418388264,0.0
68.0,190.0,20.0,2202.0,2362.0,90.0,0,2191.48,1.2515190572849886,0.0
34.10081584144418,88.81508703338471,10.02131668006092,2290.0,2450.0,90.0,1,2204.59,0.2841071982206197,1.0
2.4846911854693814,100.5468221194403,6.491719991484404,2262.0,2422.0,90.0,0,2213.15,1.0245451731691853,1.0
48.87305868305026,34.523078884352,9.23796437827658,2228.0,2388.0,90.0,0,2217.86,4.689225593866155,1.0
33.31463036908319,87.67405691853384,21.792535224446805,2389.0,2549.0,90.0,1,2222.79,1.6043489012761918,1.0
177.17664140203996,156.80912651511787,5.917689478388257,2302.0,2462.0,90.0,0,2224.44,3.988629915212453,1.0
123.0,32.0,30.0,2321.0,2481.0,90.0,0,2238.05,3.457219698009513,0.0
142.72568971313729,110.90422244124159,8.912344667407176,2353.0,2513.0,90.0,0,2248.85,5.807772774297092,1.0
69.0,190.0,30.0,2293.0,2453.0,90.0,0,2256.23,1.080449501247692,0.0
70.0,89.0,20.0,2279.0,2439.0,90.0,0,2262.42,3.5618191881708805,0.0
103.88921220992187,114.50119886508872,36.00644757320105,2423.0,2583.0,90.0,0,2288.36,2.532766857393394,1.0
79.70063342411946,103.74806378964878,16.655525708925435,2314.0,2474.0,90.0,1,2290.63,1.7655929809690591,1.0
34.0,89.0,20.0,2464.0,2624.0,90.0,0,2303.24,1.9947047404081217,0.0
96.53892934629557,171.27523530467658,30.35997216302265,2376.0,2536.0,90.0,1,2314.04,11.112211522193775,1.0
26.0,169.0,20.0,2380.0,2540.0,90.0,0,2317.99,2.865235767433274,0.0
112.69889662229077,151.85341359489718,2.8518665279978794,2412.0,2572.0,90.0,0,2331.65,9.731575102911883,1.0
90.12894985913793,2.722002292672762,35.25245235356408,2423.0,2583.0,90.0,1,2333.84,3.4558177436966377,1.0
41.88681936832264,113.6548644746447,24.51319030717017,2369.0,2529.0,90.0,1,2337.82,0.1701540976323488,1.0
41.83520633763181,113.80063716400062,25.120760745871692,2489.0,2649.0,90.0,0,2338.6,0.2110910988274376,1.0
96.45600607564246,144.56105945792373,9.294419253889545,2510.0,2670.0,90.0,0,2351.74,3.73566452163587,1.0
53.01068652567812,53.00277307898582,11.564541793976343,2410.0,2570.0,90.0,0,2354.95,1.0099037957091699,1.0
24.00843851307772,196.9713925088818,19.492202267644934,2376.0,2536.0,90.0,0,2355.05,14.32312782577143,1.0
81.0,20.0,20.0,2504.0,2664.0,90.0,0,2358.08,2.9369647519847453,0.0
11.4888184810674,104.21500198164293,28.816918457551424,2386.0,2546.0,90.0,0,2361.7,4.920744718379594,1.0
8.049041122330202,158.26492933378583,10.820123295586104,2485.0,2645.0,90.0,0,2374.67,10.21344022867947,1.0
97.35254650523017,73.15542275916907,34.18715309530742,2469.0,2629.0,90.0,1,2383.55,5.156673709542976,1.0
166.56001352189028,90.8717450262353,39.31887545014108,2510.0,2670.0,90.0,1,2383.93,8.418589263786062,1.0
43.39038520568647,135.4691280478285,20.54317526519863,2481.0,2641.0,90.0,0,2387.63,11.313872445500081,1.0
79.0,19.0,10.0,2411.0,2571.0,90.0,1,2409.79,1.7868874075722314,0.0
31.112788652572924,144.37861034908354,25.82199936544704,2517.0,2677.0,90.0,0,2429.96,3.5773087509333066,1.0
179.56737921811117,27.567077934708543,37.980929835464735,2567.0,2727.0,90.0,1,2434.21,5.355602755118529,1.0
16.148515618019697,23.761115260782127,25.80956601338294,2519.0,2679.0,90.0,0,2454.99,2.144106559682293,1.0
23.0,172.0,10.0,2474.0,2634.0,90.0,1,2455.67,5.005699930714483,0.0
91.0,49.0,10.0,2589.0,2749.0,90.0,1,2456.2,5.098278416786062,0.0
33.37771531958251,140.98082751084442,26.14494088860733,2463.0,2623.0,90.0,0,2462.07,4.384008613258176,1.0
52.394951602780594,2.9515622316859274,2.042712326933387,2555.0,2715.0,90.0,1,2470.13,16.161256853320374,1.0
164.0,124.0,20.0,2605.0,2765.0,90.0,0,2477.46,1.652911251393248,0.0
89.0,113.0,10.0,2614.0,2774.0,90.0,1,2479.91,2.5124317229825195,0.0
81.0,83.0,20.0,2561.0,2721.0,90.0,0,2493.57,2.238256644946258,0.0
94.15997711554513,179.14393088075462,28.587176329439032,2571.0,2731.0,90.0,0,2504.18,5.818017454973781,1.0
12.651856872949852,145.3097084697534,19.55537237956095,2659.0,2819.0,90.0,1,2518.79,7.0315048693242534,1.0
147.0,158.0,10.0,2589.0,2749.0,90.0,1,2519.73,2.030612732764788,0.0
136.12831793878718,159.77715467636565,26.348375261912146,2651.0,2811.0,90.0,0,2529.82,0.7911432057119053,1.0
73.0,196.0,20.0,2682.0,2842.0,90.0,0,2531.54,1.449163140562046,0.0
157.0668020234986,146.67525432537232,31.326842009674035,2706.0,2866.0,90.0,0,2533.92,12.507806802511,1.0
111.04219971584708,118.6378778188288,21.442610769104636,2712.0,2872.0,90.0,0,2539.82,4.966657844638474,1.0
149.87918735133573,196.54710622984385,9.889707213151233,2579.0,2739.0,90.0,0,2541.8,3.687021817422286,1.0
114.66778365574484,5.4647323903162714,34.15584965182915,2597.0,2757.0,90.0,1,2578.94,16.462091572343695,1.0
92.0,55.0,20.0,2685.0,2845.0,90.0,0,2583.24,6.652084458740074,0.0
163.0,125.0,30.0,2696.0,2856.0,90.0,0,2596.11,1.519121302030808,0.0
40.0,87.0,20.0,2744.0,2904.0,90.0,0,2596.68,2.21728555402316,0.0
114.0,55.0,10.0,2618.0,2778.0,90.0,1,2597.71,3.9092199070210216,0.0
103.00530123729494,82.63300683510758,32.75675436102105,2663.0,2823.0,90.0,0,2603.63,3.663161124177963,1.0
166.0,55.0,10.0,2610.0,2770.0,90.0,1,2604.95,1.3042065190977699,0.0
28.0,168.0,20.0,2664.0,2824.0,90.0,0,2614.86,2.3330489685373563,0.0
140.38176496339716,188.024316205977,5.4742801457588275,2783.0,2943.0,90.0,1,2639.62,2.5395401881575492,1.0
170.20007799960598,53.608531428010345,14.458244055760927,2703.0,2863.0,90.0,0,2652.63,4.178449353058347,1.0
143.41319697958048,97.76487130483504,34.93060749277211,2694.0,2854.0,90.0,1,2673.54,4.466217243694913,1.0
52.874286275631555,147.9691497710634,31.687916635470614,2754.0,2914.0,90.0,0,2676.53,13.798361123336221,1.0
41.858188763571825,71.10503867087365,35.95137807193726,2759.0,2919.0,90.0,0,2678.41,3.2569123512204587,1.0
56.451410825531376,123.26011973149934,7.5167821537584345,2692.0,2852.0,90.0,1,2691.16,4.753522470938764,1.0
74.0,196.0,30.0,2773.0,2933.0,90.0,0,2703.03,0.8568382300469202,0.0
88.0,116.0,30.0,2801.0,2961.0,90.0,0,2719.41,4.26715678850678,0.0
90.58495102655185,161.19307503947505,22.05072040900081,2796.0,2956.0,90.0,1,2720.61,5.603574471932317,1.0
39.0,79.0,10.0,2842.0,3002.0,90.0,1,2724.99,4.710014601949426,0.0
150.0,130.0,20.0,2800.0,2960.0,90.0,0,2740.14,4.689879564443597,0.0
30.0,86.0,20.0,2757.0,2917.0,90.0,0,2744.43,2.8508994278386828,0.0
86.23668325713005,27.779916931176935,19.013582176161435,2787.0,2947.0,90.0,0,2749.1,5.987294886234727,1.0
120.0,50.0,10.0,2806.0,2966.0,90.0,1,2756.03,2.3797823194999084,0.0
66.410211091515,107.68086861264864,8.434965714236547,2872.0,3032.0,90.0,0,2763.86,4.249775103588942,1.0
81.0,89.0,20.0,2845.0,3005.0,90.0,0,2765.13,1.0893294964410112,0.0
29.140484668804067,1.728084077449084,20.0759053796962,2801.0,2961.0,90.0,0,2768.42,8.30817414129552,1.0
47.0,80.0,10.0,2940.0,3100.0,90.0,1,2774.31,4.571343947130429,0.0
37.0,162.0,20.0,2857.0,3017.0,90.0,0,2784.0,12.037394186135652,0.0
187.15949892276456,27.116210716836818,10.517342415870221,2896.0,3056.0,90.0,1,2793.44,3.4715647553610616,1.0
94.0,75.0,20.0,2886.0,3046.0,90.0,0,2793.97,4.797970932174361,0.0
139.47710469079436,191.19618340009688,31.6406592688736,2938.0,3098.0,90.0,0,2807.8,3.2762197324910467,1.0
39.18476186499906,7.143660618403093,38.50756073472246,2904.0,3064.0,90.0,0,2809.61,13.804236638254196,1.0
93.0,26.0,20.0,2881.0,3041.0,90.0,0,2812.53,3.399767041805812,0.0
120.0,153.0,10.0,2890.0,3050.0,90.0,1,2815.86,5.6190216247588225,0.0
106.0,113.0,30.0,3000.0,3160.0,90.0,0,2828.05,8.60256245069199,0.0
94.68456617667655,105.02739088900604,32.72290087874521,2852.0,3012.0,90.0,1,2843.41,8.362236781196595,1.0
63.680470915274526,42.66453073124525,28.415428775298768,2966.0,3126.0,90.0,0,2846.21,4.5949990114459895,1.0
168.03346262343106,30.81615559198926,22.811047970967344,2996.0,3156.0,90.0,0,2853.09,0.39136621171902075,1.0
97.0,116.0,30.0,2900.0,3060.0,90.0,0,2865.62,6.168592373165694,0.0
144.57321516620794,125.58800572033901,6.126995507068758,2895.0,3055.0,90.0,0,2869.64,1.9359674151920054,1.0
98.0,85.0,30.0,2987.0,3147.0,90.0,0,2886.8,10.262957576823096,0.0
60.34277044263917,165.61515068438445,39.41481319285271,3032.0,3192.0,90.0,1,2896.16,5.786629042304845,1.0
47.0,76.0,30.0,3034.0,3194.0,90.0,0,2901.08,5.665655671209131,0.0
91.0,39.0,10.0,3074.0,3234.0,90.0,1,2903.36,0.9068915993034872,0.0
138.0,135.0,10.0,3084.0,3244.0,90.0,1,2936.56,1.6667156502473817,0.0
93.0,32.0,20.0,2977.0,3137.0,90.0,0,2938.03,3.491840446836473,0.0
160.943730094564,94.46714339836001,18.116931205940404,3109.0,3269.0,90.0,0,2938.49,7.091600464911165,1.0
18.191272974732307,4.72208182103606,4.0491030129900984,3001.0,3161.0,90.0,0,2949.79,11.864273457442621,1.0
74.0,91.0,20.0,3127.0,3287.0,90.0,0,2965.49,5.282880674379552,0.0
143.0,135.0,10.0,2989.0,3149.0,90.0,1,2970.43,3.433480226512623,0.0
145.05574392314125,133.1916569818054,12.406383474169216,3003.0,3163.0,90.0,0,2980.83,2.575256094788435,1.0
52.470903152821066,123.18298766757668,39.093975585902975,3178.0,3338.0,90.0,0,3008.87,5.155358463158954,1.0
46.81382687444211,192.27875686393187,1.1387289030626313,3130.0,3290.0,90.0,0,3067.22,6.432576191916253,1.0
89.0,168.0,20.0,3081.0,3241.0,90.0,0,3074.77,4.37239979429041,0.0
92.0,39.0,10.0,3165.0,3325.0,90.0,1,3079.1,0.9515418835674485,0.0
99.82136036520907,133.82848160022982,8.33303443308695,3096.0,3256.0,90.0,0,3083.03,8.504893883932986,1.0
136.0,134.0,10.0,3273.0,3433.0,90.0,1,3136.81,1.8710014725345188,0.0
99.0,48.0,10.0,3267.0,3427.0,90.0,1,3137.84,1.987015871107349,0.0
43.43637897473709,86.83611363405467,28.105789060170963,3193.0,3353.0,90.0,1,3149.38,4.2263017798678115,1.0
8.186476184718375,100.54456473515148,29.159922349794147,3328.0,3488.0,90.0,1,3165.04,3.3960033996640697,1.0
54.0,73.0,30.0,3226.0,3386.0,90.0,0,3175.87,3.5511382008472143,0.0
82.0,104.0,10.0,3232.0,3392.0,90.0,1,3176.73,4.683769355748109,0.0
135.0,146.0,10.0,3375.0,3535.0,90.0,1,3232.24,9.167865365241411,0.0
41.590737095271535,150.66177235703626,27.25337183560969,3405.0,3565.0,90.0,0,3263.74,10.436957812368021,1.0
19.863509778774613,120.27853249311806,20.11243233700958,3296.0,3456.0,90.0,1,3284.22,8.351799882604736,1.0
72.69319520796577,65.03679372221904,8.64513236752883,3393.0,3553.0,90.0,1,3381.34,2.5906658625154897,1.0
